11,0,42,2,3405,38,22,22,4,1,1,45,141.075,0
0,0,39,0,585,16,17,11,2,1,2,25,103.545,0
0,0,31,0,2660,14,0,9,3,1,1,30,106.96,0
2,0,34,1,6365,106,250,18,2,2,1,25,1416.195,0
0,0,36,0,2088,52,0,31,1,1,1,15,117.7,0
9,0,39,0,1780,30,28,28,2,1,2,25,207.45,0
7,0,36,2,6670,112,257,20,3,2,1,30,1299.28,0
16,1,43,0,2573,56,49,34,4,1,2,45,188.225,1
0,0,34,0,0,0,0,0,5,1,1,55,0.0,0
7,0,40,0,1015,20,20,10,3,1,2,30,121.4,0
33,0,35,5,16440,247,12,84,2,2,1,25,804.915,0
6,0,34,1,6538,67,97,32,2,1,1,25,733.725,0
23,0,19,2,6887,148,101,47,2,2,1,25,771.075,0
7,0,11,2,4695,46,222,12,3,1,1,30,1077.64,0
0,0,36,0,5423,88,0,7,2,1,1,25,247.995,0
0,0,29,0,0,0,0,0,2,1,2,25,0.0,1
4,0,39,1,2475,45,317,22,4,1,1,45,855.5,0
14,0,43,2,5000,97,20,32,3,1,1,30,283.88,0
1,0,35,0,5498,83,0,6,2,1,1,25,251.145,0
3,0,39,0,990,19,0,10,2,1,2,25,45.405,0
0,0,16,0,1390,20,21,12,2,1,1,25,157.95,0
7,0,38,2,11580,160,43,51,4,1,1,45,401.0,0
12,0,40,0,2633,68,370,29,3,1,1,30,1588.04,0
3,0,28,1,885,13,26,5,4,1,1,45,87.45,0
11,0,40,0,1015,17,15,2,3,1,2,30,101.28,1
14,0,40,2,15905,194,189,36,3,1,1,30,1399.96,0
0,0,33,0,11100,145,0,43,3,1,1,30,449.8,0
19,0,14,1,6697,141,84,43,1,2,1,15,838.09,0
0,0,30,0,3333,74,0,22,2,1,1,25,153.315,0
8,0,41,2,365,9,12,4,3,1,1,30,62.96,1
7,0,20,1,2000,32,35,16,3,1,1,30,221.28,0
5,0,37,1,6745,89,188,26,3,1,1,30,1025.36,0
0,0,24,0,0,0,0,0,4,1,2,45,0.0,0
26,0,33,2,15780,234,7,67,2,1,1,25,752.13,0
10,0,16,3,3042,46,40,22,3,1,1,30,283.52,0
5,0,37,0,1370,40,24,7,3,1,2,30,152.4,0
0,0,3,0,4130,30,200,4,3,1,1,30,966.4,0
9,0,13,0,8817,166,75,41,4,1,1,45,412.075,0
10,0,42,1,7993,141,402,50,3,1,1,30,1933.36,0
16,0,34,2,9420,121,143,44,3,1,1,30,953.64,0
23,0,45,4,9680,137,166,51,3,1,1,30,1056.68,0
4,0,36,0,2535,50,173,23,2,1,1,25,894.825,0
0,0,36,0,2088,52,0,31,1,1,1,15,117.7,0
2,0,36,1,11275,154,36,49,4,1,1,45,375.725,0
11,0,39,0,1148,19,15,4,3,1,2,30,106.68,1
36,0,41,5,16155,242,69,34,3,2,1,30,931.88,0
4,0,30,0,1523,43,38,72,4,1,1,45,134.15,0
5,0,39,0,7213,123,370,30,3,1,1,30,1773.44,0
14,0,38,2,4798,76,22,50,1,1,1,15,389.07,0
0,0,37,0,2385,16,458,8,3,1,1,30,1928.04,0
8,0,25,1,1540,40,190,9,3,2,1,30,823.2,0
0,1,5,0,1123,10,0,3,2,1,2,25,50.985,1
7,0,30,0,5433,90,9,18,2,1,1,25,289.035,1
2,0,36,0,4210,77,0,23,3,1,1,30,171.48,0
6,0,36,0,2780,53,175,23,2,1,1,25,914.985,0
13,0,36,1,5818,98,26,24,2,1,1,25,383.22,1
16,0,45,0,2543,66,23,20,4,1,2,45,122.725,0
25,0,31,3,16075,238,0,80,2,1,1,25,734.085,0
0,0,36,0,2790,21,476,6,3,1,1,30,2016.44,0
8,0,39,1,7813,133,391,45,3,1,1,30,1881.84,0
0,0,38,0,0,0,4,0,2,1,2,25,18.0,1
0,0,28,1,6580,108,254,27,2,2,1,25,1443.96,0
17,0,42,2,2603,63,20,21,4,1,1,45,116.65,0
4,0,26,0,1568,39,30,68,4,1,1,45,115.175,0
0,0,30,0,1180,30,20,13,3,1,2,30,128.4,0
0,0,23,0,0,0,0,0,4,1,2,45,0.0,0
4,0,41,1,7588,129,394,47,3,1,1,30,1884.68,0
1,0,30,0,3210,66,10,20,2,1,1,25,192.42,0
4,0,36,0,2590,52,166,20,2,1,1,25,865.89,0
0,0,33,0,1550,39,40,21,3,1,2,30,223.56,0
7,0,29,2,1430,41,191,10,3,2,1,30,822.84,0
0,0,35,0,14580,166,122,13,2,1,1,25,1212.57,0
1,0,34,0,2475,47,168,21,2,1,1,25,869.49,0
6,0,33,2,6850,110,239,29,2,2,1,25,1388.7,0
13,0,36,4,7460,123,287,38,3,2,1,30,1451.32,0
0,0,24,0,1263,33,23,66,4,1,1,45,89.9,0
6,0,26,0,510,25,35,9,3,1,2,30,161.4,0
5,0,21,0,315,17,0,1,2,1,2,25,14.94,0
13,0,43,1,6403,109,25,19,3,1,1,30,360.48,0
0,0,25,0,6220,81,0,14,4,1,1,45,157.525,0
1,0,37,1,1783,31,32,10,4,1,1,45,125.35,0
0,0,30,0,0,0,0,0,3,1,2,30,0.0,1
0,0,29,0,0,0,0,0,4,1,1,45,0.0,0
16,0,26,1,1935,43,27,13,2,1,1,25,210.51,0
0,0,25,0,2980,58,6,23,3,1,1,30,145.52,0
1,0,28,0,6785,91,6,21,4,1,1,45,186.9,0
8,0,42,2,4595,85,12,29,3,1,1,30,235.2,0
0,0,31,0,6670,92,16,23,4,1,1,45,209.05,0
2,0,35,0,2073,30,1,4,3,1,1,30,88.12,0
8,0,12,3,2898,41,23,15,3,1,1,30,209.56,0
12,0,40,1,2298,57,13,19,3,1,1,30,146.2,0
5,1,14,2,1487,25,8,8,3,1,1,30,92.48,1
18,0,17,1,6638,144,87,42,2,2,1,25,696.69,0
2,0,36,0,1260,39,20,22,3,1,2,30,131.96,0
24,1,32,3,15670,233,0,82,2,1,1,25,715.635,0
3,0,13,0,8028,155,45,23,4,1,1,45,317.075,0
2,0,25,0,3225,61,8,23,3,1,1,30,163.44,0
36,0,34,5,17090,255,15,82,2,2,1,25,848.025,0
1,0,16,1,1990,30,42,27,2,1,1,25,279.9,0
0,0,7,0,1182,13,0,5,2,1,1,25,53.775,1
14,0,39,1,15790,188,157,32,2,1,1,25,1425.51,0
2,0,35,0,11160,148,4,45,3,1,1,30,468.32,0
13,0,40,1,4258,69,6,37,1,1,1,15,270.985,0
13,0,40,3,7138,87,147,43,3,1,1,30,877.0,0
12,0,44,1,14033,179,15,50,3,1,1,30,628.48,0
7,0,38,0,3175,72,11,13,3,1,1,30,173.88,0
8,0,32,0,2453,54,351,23,2,1,1,25,1692.315,0
5,0,35,0,305,6,7,2,2,1,2,25,45.495,0
1,0,34,0,630,12,3,4,2,1,2,25,42.39,0
15,0,41,2,5818,104,34,25,3,1,1,30,372.88,0
0,0,35,0,1223,37,0,15,3,1,2,30,50.4,0
13,0,18,4,3157,51,38,21,3,1,1,30,280.32,0
22,0,23,2,9498,187,95,48,5,1,1,55,287.775,0
0,0,18,0,1003,23,8,60,4,1,1,45,45.65,0
5,0,38,0,305,6,7,2,5,1,1,55,15.165,0
0,0,31,0,490,6,0,5,2,1,2,25,22.32,0
11,0,27,3,4130,77,36,40,3,1,1,30,312.28,0
8,0,37,1,4920,88,3,23,3,1,1,30,212.32,0
0,0,7,0,3485,24,187,21,3,1,1,30,888.36,0
15,0,42,3,4880,92,14,29,4,1,1,45,159.3,0
8,0,36,2,8925,121,169,45,3,1,1,30,1037.84,0
0,0,29,0,1363,13,0,3,3,1,1,30,55.04,0
6,0,32,0,6718,69,100,36,2,1,1,25,755.415,0
9,0,25,2,2000,38,43,17,3,1,1,30,253.52,0
0,0,35,0,4903,78,0,10,2,1,1,25,224.145,0
26,1,35,0,1070,52,14,16,3,1,2,30,100.88,1
0,0,34,0,3413,76,0,26,2,1,1,25,157.005,0
5,1,9,1,1733,22,7,7,3,1,1,30,98.2,1
16,0,13,1,9158,175,70,38,5,1,1,55,244.995,0
1,0,38,0,2795,26,8,18,3,1,1,30,144.84,0
8,0,34,3,7210,119,273,33,2,2,1,25,1558.305,0
0,0,24,0,710,5,23,4,4,1,2,45,75.375,0
26,1,37,3,15545,230,55,30,3,1,1,30,851.0,0
35,0,46,5,15705,241,76,40,3,1,1,30,941.84,0
7,0,39,0,4073,68,5,38,1,1,1,15,255.255,0
13,0,28,2,4240,78,23,25,3,1,1,30,264.72,0
13,0,45,3,7065,102,208,34,4,1,1,45,699.175,0
5,0,37,1,3500,32,484,6,3,1,1,30,2077.28,0
0,0,34,0,2730,18,471,4,3,1,1,30,1993.92,0
4,0,38,1,3095,27,483,8,3,1,1,30,2056.88,0
11,0,16,0,8527,166,55,42,5,1,1,55,212.895,0
13,0,40,4,4000,43,511,25,4,1,1,45,1378.575,0
4,0,12,1,4570,48,226,15,3,1,1,30,1088.72,0
6,0,35,4,7080,122,303,37,3,2,1,30,1500.08,0
0,0,8,0,3680,29,190,10,3,1,1,30,908.36,0
1,0,38,0,2203,57,0,30,1,1,1,15,124.3,0
0,0,33,0,0,0,0,0,4,1,2,45,0.0,1
0,0,24,0,895,24,154,5,2,2,1,25,734.355,0
15,0,31,1,1485,42,34,19,2,1,1,25,221.715,0
13,0,15,0,6333,138,80,40,1,2,1,15,795.905,0
16,0,30,7,10175,83,0,36,4,1,1,45,256.45,0
28,1,34,0,1145,47,7,15,2,1,2,25,85.14,1
23,0,36,8,10680,96,7,42,5,1,1,55,172.14,0
0,0,33,0,6135,77,174,22,3,1,1,30,944.48,0
3,0,32,0,1968,46,341,17,2,1,1,25,1625.13,0
10,0,37,0,2453,60,359,24,3,1,1,30,1536.52,0
22,0,36,2,15025,220,56,33,3,1,1,30,833.8,0
9,1,36,0,3105,47,41,20,3,1,2,30,290.08,1
21,0,32,8,10480,89,7,38,5,1,1,55,169.035,0
0,0,20,0,1308,29,15,62,4,1,1,45,70.925,0
17,0,44,2,2758,72,374,27,3,1,1,30,1609.2,0
7,1,41,0,618,16,18,9,3,1,2,30,97.36,1
0,0,33,0,2130,11,0,14,3,1,1,30,85.64,0
8,0,43,2,6760,96,201,32,3,1,1,30,1078.24,0
11,1,38,0,3170,49,20,21,3,1,2,30,208.76,1
7,0,42,0,485,14,18,7,2,1,2,25,103.455,1
0,0,33,0,2610,13,465,1,3,1,1,30,1964.92,0
13,0,43,2,6978,85,123,43,2,1,1,25,871.335,0
14,0,15,0,9122,172,82,43,4,1,1,45,437.35,0
28,1,35,0,1260,53,23,19,3,1,2,30,144.52,1
1,0,14,0,1615,24,18,10,2,1,1,25,154.755,0
22,0,41,3,4790,99,47,30,3,1,1,30,383.56,0
13,1,35,0,3590,51,30,31,3,1,2,30,265.64,1
1,0,36,0,5613,89,0,10,2,1,1,25,256.59,0
9,0,36,1,7123,80,109,35,2,1,1,25,814.635,0
6,0,43,2,3095,33,491,9,4,1,1,45,1305.7,0
5,0,40,1,6413,75,109,36,2,1,1,25,782.46,0
5,0,40,0,420,12,39,6,3,1,2,30,173.28,1
8,0,41,2,3145,34,15,17,4,1,1,45,116.975,0
13,0,40,1,4675,77,12,19,3,1,1,30,238.08,0
1,0,33,0,15120,173,138,26,2,1,1,25,1309.185,0
10,0,33,3,1700,44,210,17,3,2,1,30,909.76,0
13,0,44,1,4630,81,20,23,3,1,1,30,268.44,0
2,0,35,1,2915,19,472,3,3,1,1,30,2005.36,0
12,0,17,0,5793,131,64,27,1,2,1,15,677.82,0
0,0,21,0,2860,52,0,19,3,1,1,30,116.48,0
2,0,27,1,1125,35,184,8,2,2,1,25,880.2,0
1,0,32,0,5658,85,0,6,2,1,1,25,258.435,0
5,1,38,0,933,13,16,6,4,1,2,45,63.65,1
8,0,26,1,3935,72,16,23,3,1,1,30,224.28,0
0,0,36,0,383,4,7,4,4,1,1,45,27.175,1
0,1,10,0,1363,21,4,10,2,1,1,25,80.28,1
5,0,41,0,623,11,14,6,3,1,2,30,81.36,0
3,0,37,1,6500,86,186,26,3,1,1,30,1007.44,0
12,0,40,1,14078,175,7,46,3,1,1,30,598.12,0
6,0,37,1,6528,74,99,34,2,1,1,25,742.59,0
4,0,38,0,11340,156,15,50,3,1,1,30,519.84,0
10,0,39,1,8003,134,400,48,3,1,1,30,1925.48,0
0,0,36,0,628,7,9,4,4,1,2,45,38.375,1
5,0,37,0,305,6,7,2,2,1,2,25,45.495,1
3,0,24,1,1863,43,44,81,4,1,1,45,157.65,0
14,1,41,0,2658,66,47,23,4,1,2,45,185.6,0
0,0,36,0,3465,55,0,10,2,1,1,25,158.4,0
11,0,15,4,2978,43,27,16,3,1,1,30,228.84,0
6,0,41,1,3275,35,494,13,3,1,1,30,2108.4,0
0,0,36,1,338,4,4,2,5,1,1,55,11.13,0
1,0,40,2,418,6,14,6,5,1,1,55,27.36,0
2,0,36,0,3718,82,2,28,2,1,1,25,180.0,0
5,0,39,0,1180,20,7,13,2,1,2,25,85.5,0
0,0,14,0,1330,17,16,10,2,1,1,25,132.615,0
10,0,33,6,9420,76,0,40,4,1,1,45,237.4,0
0,0,40,0,7203,127,385,42,3,1,1,30,1833.2,0
6,0,37,1,6473,72,106,37,2,1,1,25,771.525,0
7,0,40,1,2860,55,185,27,2,1,1,25,963.675,0
3,0,36,0,7393,121,352,39,2,1,1,25,1922.13,0
5,0,6,1,4695,40,214,11,3,1,1,30,1045.4,0
0,0,30,0,2475,13,0,10,3,1,1,30,99.52,0
0,0,32,0,0,0,0,0,4,1,1,45,0.0,0
16,0,36,3,9240,119,140,40,3,1,1,30,934.36,0
7,0,35,1,7733,131,381,41,3,1,1,30,1838.56,0
9,0,36,0,15370,176,118,26,2,1,1,25,1230.57,0
3,0,36,2,3390,31,497,21,3,1,1,30,2124.84,0
0,0,32,0,0,0,0,0,2,1,2,25,0.0,0
0,0,36,0,0,0,0,0,2,1,2,25,0.0,0
2,0,18,0,1695,26,28,14,2,1,1,25,203.445,0
0,0,33,2,6255,105,246,33,2,2,1,25,1393.2,0
10,0,40,1,6898,83,119,42,2,1,1,25,849.645,0
6,0,25,0,395,19,3,5,2,1,2,25,32.13,0
31,0,37,5,16460,246,17,86,2,1,1,25,828.27,0
2,0,26,1,3340,67,40,27,3,1,1,30,296.28,0
3,0,38,0,248,7,0,1,3,1,2,30,10.2,1
7,1,35,0,2800,40,0,13,3,1,2,30,113.6,1
11,0,40,0,2990,47,17,17,3,1,2,30,189.48,1
0,0,40,0,0,0,1,0,2,1,2,25,4.5,1
8,0,36,0,2970,54,184,26,2,1,1,25,964.08,0
10,0,32,3,7190,120,268,31,3,2,1,30,1364.4,0
0,0,33,0,1605,41,33,18,3,1,2,30,197.84,0
18,1,37,0,3895,57,37,33,3,1,2,30,306.08,1
0,0,35,0,0,0,0,0,2,1,2,25,0.0,1
1,0,28,2,6705,106,256,27,2,2,1,25,1458.495,0
4,0,31,0,3470,70,17,25,2,1,1,25,235.8,0
13,0,30,0,880,33,21,12,2,1,2,25,135.585,0
32,0,38,5,16380,250,15,83,2,2,1,25,815.85,0
5,0,38,1,4270,80,0,25,3,1,1,30,174.0,0
7,0,35,0,3185,58,176,21,2,1,1,25,937.935,0
0,0,31,0,405,2,0,5,2,1,2,25,18.315,0
9,0,38,1,2895,58,173,22,2,1,1,25,911.385,0
4,0,38,0,5728,94,0,9,3,1,1,30,232.88,0
4,0,26,0,1568,39,30,68,4,1,1,45,115.175,0
3,0,35,0,6413,69,101,35,2,1,1,25,746.19,0
24,0,33,8,10740,93,0,43,4,1,1,45,270.825,0
5,1,37,0,305,6,7,2,3,1,2,30,40.44,1
0,0,36,0,1333,38,0,4,3,1,2,30,54.84,0
11,0,13,3,3157,45,30,20,3,1,1,30,248.08,0
0,0,16,0,0,0,0,0,2,1,1,25,0.0,0
22,1,30,0,1715,42,25,9,3,1,2,30,170.28,1
5,0,42,0,738,17,46,10,3,1,2,30,214.2,0
23,0,38,3,14895,222,52,32,3,1,1,30,812.68,0
7,0,37,3,7100,96,207,41,3,1,1,30,1115.84,0
0,0,36,0,5013,79,0,13,2,1,1,25,229.14,0
17,0,38,8,10210,89,4,44,4,2,1,45,267.475,0
11,0,40,1,6223,101,14,14,3,1,1,30,308.96,0
8,0,39,2,6805,92,193,28,3,1,1,30,1047.88,0
15,0,42,2,7203,89,126,44,2,1,1,25,895.14,0
6,0,36,1,14068,173,14,57,3,1,1,30,625.64,0
8,0,38,1,6690,86,161,24,3,1,1,30,915.04,0
1,0,38,0,2148,55,0,33,1,1,1,15,121.165,0
8,0,38,0,6108,96,16,15,3,1,1,30,312.16,0
7,0,27,1,3530,67,15,25,3,1,1,30,203.88,0
0,0,21,0,1055,26,178,5,2,2,1,25,849.645,0
2,0,33,0,6420,84,176,22,3,1,1,30,964.16,0
0,0,36,1,6310,86,211,28,3,1,1,30,1099.84,0
0,0,30,0,780,14,29,7,4,1,2,45,92.35,0
17,0,19,0,6098,137,71,29,2,2,1,25,600.075,0
20,0,40,2,16500,199,165,32,2,1,1,25,1493.955,0
19,0,22,2,9237,183,88,43,5,1,1,55,273.3,0
5,0,8,0,8627,159,58,37,4,1,1,45,364.65,0
0,0,23,0,0,0,0,0,2,1,1,25,0.0,0
7,0,13,0,8627,165,66,38,4,1,1,45,384.8,0
21,0,19,2,6697,147,92,44,2,2,1,25,721.98,0
15,0,41,2,4618,78,40,41,1,1,1,15,478.28,0
2,0,42,0,875,20,8,12,2,1,2,25,76.275,0
0,0,36,0,405,8,6,6,2,1,2,25,45.585,0
9,0,29,2,1620,42,200,13,3,2,1,30,866.48,0
18,0,42,2,6078,108,41,30,2,1,1,25,462.87,0
10,0,45,0,1440,30,22,19,3,1,2,30,146.8,0
9,0,38,2,7210,97,194,26,3,1,1,30,1068.28,0
0,0,37,0,258,2,2,2,2,1,2,25,20.7,0
0,0,37,0,613,9,21,17,2,1,2,25,122.49,0
13,0,43,2,3085,65,190,26,3,1,1,30,886.0,0
9,0,41,2,6798,77,118,41,2,1,1,25,840.375,0
10,0,35,1,9055,118,139,41,3,1,1,30,922.92,0
5,0,37,0,1120,17,7,11,2,1,2,25,82.665,0
7,0,35,2,7013,79,122,50,2,1,1,25,868.14,0
8,0,37,0,1970,50,45,22,3,1,2,30,260.8,0
2,0,28,0,2685,29,0,13,2,1,2,25,122.13,1
12,0,35,1,6943,79,105,35,2,1,1,25,788.49,0
9,0,40,2,3400,33,490,10,3,1,1,30,2097.32,0
0,0,35,0,0,0,0,0,2,1,2,25,0.0,0
5,0,33,1,6545,82,178,22,3,1,1,30,977.08,0
12,0,39,2,11770,160,18,49,4,1,1,45,343.25,0
31,0,44,10,11000,109,23,50,5,1,1,55,201.135,0
11,0,43,2,3580,41,501,15,3,1,1,30,2148.84,0
18,0,38,2,9305,121,119,41,3,1,1,30,853.04,0
14,0,35,1,14125,208,22,30,2,1,1,25,743.985,0
21,0,23,2,6653,151,100,48,2,2,1,25,756.18,0
23,0,38,3,14950,224,45,29,3,1,1,30,786.96,0
26,1,35,1,1015,50,21,19,3,1,1,30,126.6,1
12,0,34,2,6113,102,40,37,2,1,1,25,459.675,0
20,0,33,2,1790,48,41,21,2,1,1,25,267.21,0
12,0,39,2,2683,42,15,8,4,1,1,45,105.625,0
0,0,37,0,1263,20,0,8,4,1,1,45,32.075,0
4,0,36,0,1228,17,30,19,4,1,2,45,106.125,1
10,0,34,1,3005,57,172,21,2,1,1,25,911.79,0
2,0,31,2,7080,101,28,35,4,1,1,45,249.525,0
